9.5
9.0
9.0
8.0
7.0
7.5
8.5
7.0
5.5
8.5
6.0
10.0
11.0
8.0
8.0
7.5
8.0
6.5
7.5
9.0
10.5
5.5
10.0
7.5
6.0
5.5
8.0
4.5
40.0
8.5
7.5
13.0
5.5
8.0
6.5
7.0
7.5
7.5
10.5
7.0
9.0
7.0
9.0
5.0
9.0
6.0
6.5
8.0
7.5
10.5
9.0
9.5
8.0
7.5
9.5
6.0
9.5
9.5
7.0
9.5
11.0
13.0
7.0
7.0
10.0
10.5
9.0
7.0
22.5
9.0
16.0
9.0
11.5
16.5
9.5
7.5
10.5
8.0
5.0
9.0
8.0
8.0
9.5
8.5
9.5
7.5
10.0
8.5
7.5
9.5
7.5
9.0
7.0
12.0
10.0
13.5
10.5
9.0
9.0
7.0
9.0
7.5
7.5
6.5
13.0
8.5
6.5
7.0
17.0
8.0
7.0
8.5
8.0
7.5
10.0
7.5
10.0
8.5
8.0
9.5
10.5
8.5
6.5
19.0
8.5
7.0
11.5
7.5
8.5
7.5
8.5
8.0
10.5
7.0
9.0
7.5
6.0
5.5
10.0
11.0
11.5
5.5
19.5
5.0
9.5
6.5
8.0
8.0
7.5
8.0
10.5
7.5
9.0
14.0
11.5
7.5
17.5
10.0
9.0
10.0
7.0
8.0
9.0
8.5
10.5
9.5
8.0
8.5
10.5
9.0
4.5
9.0
9.0
8.5
8.5
19.5
9.0
8.0
8.0
11.0
12.5
7.0
4.5
7.0
18.0
8.0
7.5
8.0
5.5
6.5
7.5
10.0
5.5
8.0
9.5
12.0
11.0
9.0
7.0
9.5
16.0
9.0
7.5
5.5
13.5
7.5
7.0
8.0
6.0
12.5
12.5
10.0
8.5
9.0
9.0
10.5
8.0
9.0
8.0
6.0
11.0
5.5
9.5
8.5
10.0
9.5
9.5
9.0
12.0
52.0
8.5
7.5
9.0
6.5
4.5
7.0
7.5
10.5
7.0
5.5
8.5
10.0
6.5
9.0
8.5
6.0
5.0
7.0
6.5
7.5
7.0
9.5
8.5
8.5
4.5
8.0
10.5
10.0
8.0
7.5
10.0
8.5
7.5
8.0
7.0
10.5
6.5
7.0
7.5
7.0
9.5
8.5
9.5
7.5
10.0
8.0
6.0
9.5
8.0
9.0
10.0
7.0
7.5
9.0
9.5
10.5
7.5
6.0
8.0
10.5
7.0
8.0
8.0
6.5
10.5
28.5
10.0
7.0
10.0
12.5
8.0
22.0
5.5
4.5
5.0
5.5
9.5
12.5
9.0
14.5
7.0
11.5
5.0
11.0
11.0
5.5
8.0
8.5
8.5
12.0
7.5
9.0
8.5
5.0
9.0
7.5
8.0
4.5
8.0
7.0
8.0
6.0
5.0
8.0
8.0
8.5
5.5
10.0
8.0
9.0
8.0
8.0
10.0
7.5
9.5
10.0
15.0
7.0
8.5
11.5
6.0
7.0
9.5
8.5
6.5
18.0
5.0
9.5
7.0
8.5
6.0
8.5
13.0
14.5
5.0
13.0
8.5
9.0
7.0
7.0
9.0
11.5
11.5
10.0
8.0
11.5
11.0
12.0
13.0
8.0
4.5
5.0
62.0
12.5
13.0
18.5
14.0
10.0
10.0
9.0
6.0
8.0
7.5
11.0
6.5
8.0
7.0
5.5
9.0
8.5
15.5
16.0
7.0
9.5
10.0
7.5
8.5
8.5
8.5
8.5
7.5
9.0
8.0
9.5
8.0
6.5
9.5
9.5
7.5
7.5
10.0
5.5
9.5
9.0
7.5
9.5
8.5
8.5
10.0
10.0
24.0
16.0
13.5
8.0
6.0
9.0
11.5
6.5
8.5
7.0
17.5
79.5
17.5
16.5
18.0
17.0
10.0
10.0
5.0
9.0
12.0
6.0
52.0
13.5
9.5
18.0
9.5
14.5
10.5
5.0
9.5
13.5
14.5
8.0
9.0
9.5
8.5
10.5
7.5
7.0
6.5
10.0
10.0
8.5
10.5
11.0
7.5
8.0
17.5
8.5
23.5
10.0
9.0
7.0
7.5
29.0
9.0
10.5
9.5
9.0
10.5
4.5
5.5
14.0
8.5
9.0
6.0
8.0
5.5
4.5
7.0
10.5
8.0
8.5
5.5
13.5
7.5
79.5
12.5
9.5
14.0
7.5
12.5
9.5
12.5
9.5
8.0
7.0
11.0
6.0
8.5
9.5
7.5
5.5
4.5
5.5
10.0
8.5
7.5
10.5
11.5
6.5
9.5
7.5
13.5
14.5
8.5
10.0
9.5
14.0
8.0
8.0
10.5
5.5
5.5
9.5
6.0
11.0
12.0
7.0
6.0
7.5
9.0
8.0
7.5
12.5
8.0
12.0
8.0
4.5
9.5
14.5
8.0
8.0
9.0
9.5
11.5
9.5
10.5
7.5
9.0
11.5
7.5
5.0
8.0
8.0
8.0
7.0
13.0
9.0
9.0
7.0
7.5
10.5
9.5
7.5
5.0
7.0
7.5
4.5
8.5
8.0
8.5
6.5
5.0
5.0
9.0
7.0
7.5
5.0
5.5
8.0
12.5
5.5
7.5
11.0
8.5
9.5
7.0
13.5
8.5
9.0
6.0
6.0
9.5
11.5
8.0
7.0
9.0
7.5
8.5
7.0
9.0
5.0
94.0
10.5
5.5
7.0
10.0
11.5
5.5
8.5
9.5
9.5
8.5
5.5
11.0
7.5
8.0
7.5
9.0
6.0
8.0
10.5
5.0
9.0
10.5
5.0
6.5
8.5
10.5
7.0
20.5
8.5
9.5
8.5
7.5
10.5
8.0
12.5
12.5
8.0
9.0
7.5
8.5
8.0
6.5
8.0
6.5
7.5
11.0
5.5
8.0
6.0
10.0
7.5
8.5
7.0
10.5
52.0
9.0
7.5
7.0
8.5
8.5
8.5
7.0
7.0
9.5
7.5
8.5
9.5
13.5
8.0
12.0
8.5
9.0
7.5
9.5
10.0
9.5
9.5
8.5
8.5
9.0
9.0
9.0
10.0
10.0
9.5
7.5
9.5
8.0
8.0
7.0
8.0
10.5
9.5
14.5
10.5
9.5
13.5
10.0
9.5
11.5
11.0
5.5
13.5
4.5
7.5
6.0
11.0
11.0
7.0
8.5
7.0
8.5
7.5
9.0
10.0
9.5
7.5
8.0
10.0
9.5
6.0
10.0
6.0
7.5
8.0
5.0
9.0
5.0
9.5
4.5
8.0
7.5
7.5
8.0
7.5
9.5
9.5
7.5
7.5
7.5
6.0
4.5
8.0
7.5
8.5
9.5
9.0
9.5
7.5
8.5
10.5
9.0
11.0
12.0
10.0
8.0
6.5
10.5
17.5
8.5
8.5
8.5
14.5
11.5
8.0
8.5
14.5
8.5
52.0
41.5
8.5
7.5
10.0
7.0
8.0
5.5
6.5
10.5
8.0
10.5
9.5
13.5
7.0
8.5
8.5
8.0
7.0
8.0
7.0
10.5
6.5
7.0
9.5
7.5
7.0
4.5
8.5
8.5
10.0
8.0
8.5
9.0
5.0
8.0
6.5
9.0
8.5
9.0
7.5
9.5
9.0
9.5
9.0
7.5
10.0
9.5
8.5
7.0
9.0
10.0
9.5
11.0
11.0
8.0
9.5
9.0
8.5
7.0
7.0
14.5
8.0
12.0
9.0
10.0
10.0
7.5
6.5
7.0
5.0
9.5
8.5
9.0
9.5
8.5
11.0
9.0
10.5
7.5
7.5
5.0
5.5
12.0
18.0
8.5
8.5
9.5
8.0
15.5
8.5
9.0
14.5
10.5
9.0
11.0
11.5
8.5
8.0
9.0
9.5
9.5
9.0
9.5
10.5
10.0
9.5
7.0
12.0
8.5
9.0
6.5
10.5
9.0
9.5
11.0
9.0
11.5
9.0
8.5
10.0
7.5
10.5
8.5
9.5
9.0
6.0
10.5
13.0
5.5
10.5
11.0
4.5
10.5
8.5
8.5
14.0
17.0
9.5
13.0
6.5
10.5
8.0
13.0
9.0
10.0
9.5
6.5
11.5
5.0
9.5
10.5
12.5
8.0
8.0
9.0
7.0
8.0
8.5
7.0
7.0
7.5
8.5
9.0
13.0
10.0
8.0
125.0
10.5
9.5
8.0
8.0
12.5
9.5
8.0
10.5
9.5
6.0
10.5
5.5
8.5
7.0
10.0
7.5
7.0
7.5
8.0
9.0
6.5
5.0
8.0
10.5
9.0
24.0
8.5
8.0
9.0
8.0
9.0
8.5
11.0
9.0
10.0
10.5
8.5
9.0
7.5
5.0
7.5
8.5
9.5
8.5
7.5
8.5
11.0
11.0
9.5
9.5
5.5
9.5
8.5
6.0
7.5
7.5
9.0
9.0
8.0
8.5
8.0
9.0
15.5
9.5
18.5
12.5
9.0
9.0
6.5
8.0
8.5
9.0
11.0
16.0
9.0
10.5
6.5
5.5
9.0
52.0
7.5
5.0
8.0
5.5
8.5
7.0
7.0
9.0
5.5
7.5
11.5
13.0
10.0
6.0
22.5
9.0
8.0
7.5
9.5
9.0
6.5
10.5
7.5
9.0
7.0
9.5
5.5
6.5
4.5
7.5
10.0
7.5
9.0
7.0
8.0
25.0
15.0
9.5
7.5
9.5
8.5
7.0
10.0
6.5
8.5
8.0
7.5
8.0
6.5
19.5
5.5
9.0
9.0
10.0
7.0
9.0
9.5
9.0
12.0
8.5
8.0
9.0
9.0
10.5
7.5
4.5
19.0
7.0
16.0
42.5
9.5
9.5
15.0
8.5
10.5
10.5
11.0
5.5
9.0
25.5
5.0
9.5
7.0
4.0
8.5
7.0
8.0
8.5
6.5
16.0
9.0
9.5
5.5
6.5
7.5
5.5
9.0
5.0
7.5
7.0
6.0
5.5
10.0
9.0
8.5
6.0
8.0
6.0
9.0
12.0
9.0
10.0
9.0
6.5
8.5
10.5
8.5
7.0
6.0
10.0
5.5
7.5
8.0
22.0
8.5
6.5
9.0
10.0
11.0
11.0
9.5
9.5
7.0
6.0
6.0
9.0
10.5
9.0
8.5
9.5
10.0
11.0
11.0
10.0
19.0
12.0
8.5
8.0
6.5
10.0
10.5
10.5
8.5
8.0
7.0
14.5
8.5
8.0
8.0
8.0
11.0
10.0
18.0
6.5
6.5
14.5
7.5
12.5
18.0
9.0
11.0
6.0
8.0
9.0
5.5
8.0
7.5
8.0
11.0
32.0
9.5
9.5
11.0
8.5
10.0
8.5
11.5
9.0
10.0
9.0
10.5
12.0
25.0
11.5
7.0
8.0
6.0
11.5
8.5
8.5
5.0
5.0
11.5
7.5
8.5
8.5
7.0
8.0
19.5
14.5
8.5
7.0
6.0
9.5
9.5
8.0
7.5
10.5
27.5
7.5
9.0
7.5
11.0
10.0
9.0
9.0
4.5
9.5
8.5
7.0
10.0
7.0
7.5
9.5
9.5
8.5
34.5
8.0
8.5
6.5
5.0
8.0
9.5
9.0
9.5
9.5
6.5
8.5
25.0
8.5
11.0
8.0
12.0
9.0
10.0
9.0
10.5
13.0
10.0
9.5
11.5
10.0
11.0
9.0
10.0
8.5
10.0
10.0
8.5
55.0
9.0
7.5
10.5
10.0
10.0
13.0
6.0
9.5
12.0
10.5
10.5
13.5
19.0
11.0
13.5
8.5
15.0
10.5
10.0
8.5
10.5
8.0
11.5
13.0
8.5
4.5
7.0
38.0
9.5
19.5
9.5
8.0
9.0
7.0
15.0
10.0
11.0
8.0
12.5
6.5
5.5
5.5
7.0
9.5
5.0
6.0
21.0
7.5
10.0
10.0
9.0
9.5
9.5
8.5
9.5
5.5
12.0
12.0
9.0
7.0
8.5
8.0
10.5
10.0
9.0
10.5
10.0
12.0
13.0
12.0
9.5
8.5
5.5
7.5
12.5
23.5
16.5
8.5
15.5
23.0
12.5
10.5
12.0
11.5
14.5
8.0
10.5
12.5
8.5
11.0
8.0
9.0
11.0
7.5
12.5
11.0
10.5
7.0
7.0
5.0
8.0
8.5
6.5
9.0
10.0
8.5
10.0
8.5
8.0
9.5
8.0
8.0
9.0
6.0
8.0
8.5
7.0
9.5
10.5
11.0
7.0
6.0
8.5
9.5
7.5
7.0
12.0
12.0
4.5
9.5
14.5
4.5
5.5
8.5
6.5
13.0
10.0
9.0
8.0
13.0
8.0
9.5
7.5
7.5
7.5
11.5
6.5
8.5
10.5
5.0
10.5
5.5
7.0
6.5
12.0
8.5
9.0
9.5
12.0
11.5
7.0
9.0
12.0
9.5
7.0
6.0
8.0
8.0
9.5
18.5
11.0
5.0
6.5
8.0
7.0
9.5
9.0
4.5
7.0
12.0
10.0
6.0
36.5
6.5
8.5
9.5
8.5
8.0
7.5
10.0
7.0
7.0
12.5
7.5
9.0
8.0
7.0
8.0
9.0
7.5
6.5
5.0
7.5
8.0
8.5
6.0
9.5
8.5
7.5
7.5
8.5
7.5
9.0
5.0
8.5
21.0
7.5
7.5
7.0
7.0
7.0
9.0
10.0
5.5
11.0
9.0
9.0
10.5
7.5
9.0
10.5
7.5
9.0
9.5
8.0
8.5
10.0
52.0
6.0
17.0
9.5
9.0
8.5
5.5
9.0
15.5
11.5
12.0
14.5
11.0
5.5
10.0
8.0
9.0
9.5
5.5
15.5
7.5
23.0
12.0
9.0
18.5
6.5
8.0
6.5
7.5
6.5
7.5
8.0
4.5
7.0
7.5
5.0
5.0
8.5
5.0
8.5
11.5
9.0
9.5
8.0
9.0
15.5
7.0
8.5
10.5
8.5
10.5
9.5
12.5
11.0
9.0
13.0
9.0
7.5
7.0
11.0
10.0
27.5
11.0
5.5
9.0
6.0
32.5
7.5
10.5
7.0
15.5
5.5
10.5
9.0
7.5
8.0
9.5
9.0
8.5
8.0
5.5
5.5
8.0
9.5
9.5
5.0
9.5
9.5
8.5
9.0
8.0
8.0
9.5
7.0
10.5
10.0
9.5
10.0
7.5
24.0
8.5
6.0
7.5
9.5
8.5
8.0
11.5
24.0
8.0
9.0
9.5
10.5
14.5
9.0
9.5
10.0
10.0
10.5
9.0
9.0
10.0
8.0
8.0
9.0
24.0
8.5
8.5
5.5
8.0
9.0
8.5
12.5
8.0
8.5
10.0
10.5
10.0
6.5
19.5
7.5
23.0
5.0
12.5
10.5
5.5
12.5
7.5
8.0
7.5
9.0
10.0
9.0
9.0
10.0
7.5
7.0
10.5
9.5
52.0
9.0
10.0
9.5
10.0
9.0
9.0
10.5
10.5
11.5
11.0
8.0
8.5
7.5
10.0
13.0
11.0
10.0
8.5
5.5
7.0
9.5
8.0
7.0
11.0
9.0
16.0
26.0
15.5
14.5
9.5
8.5
9.0
9.5
16.5
14.0
8.0
7.0
11.5
8.0
4.5
12.5
9.0
11.5
7.5
10.0
9.0
23.5
10.5
8.0
7.5
14.0
10.5
9.0
9.5
8.0
11.0
8.0
8.5
7.5
7.5
10.5
16.5
14.0
8.0
9.5
7.5
7.5
12.0
7.5
6.0
8.5
7.5
9.5
9.5
9.0
8.0
15.5
10.0
11.0
10.0
8.5
9.5
10.0
11.0
8.0
9.0
10.0
13.0
20.5
10.0
12.5
15.0
10.0
35.0
22.5
22.0
21.5
19.5
16.5
11.5
79.5
9.0
18.0
13.5
13.5
7.5
13.5
4.5
8.5
17.0
8.5
10.5
6.0
6.5
11.0
8.0
8.0
4.5
10.0
10.0
5.5
5.0
8.5
8.5
16.0
7.0
4.5
23.0
5.5
9.0
7.0
8.0
7.5
8.0
25.0
8.5
8.0
9.0
7.5
10.5
6.5
10.5
7.0
6.5
9.5
7.5
11.0
8.5
10.0
12.5
6.0
7.0
11.0
9.5
11.5
6.0
7.5
9.5
11.5
11.0
10.5
20.5
8.5
5.0
9.5
12.0
10.5
18.5
7.5
10.0
8.5
8.5
8.0
10.0
10.0
9.0
13.5
9.0
10.5
10.0
8.0
24.5
10.0
9.5
9.5
9.5
10.0
26.5
10.5
9.0
13.5
9.5
8.5
9.0
32.5
7.5
25.5
10.0
9.5
9.0
8.5
8.0
10.5
11.5
6.0
13.0
11.0
8.0
10.0
8.5
6.0
10.5
11.5
8.0
9.5
8.0
7.0
9.0
8.5
10.0
12.0
11.0
5.5
5.0
5.5
7.5
6.0
8.0
8.5
7.5
9.5
33.5
8.0
10.5
10.5
25.0
7.5
12.0
11.5
8.5
8.0
12.0
12.0
14.0
9.5
12.0
10.0
12.0
10.0
15.0
12.0
12.0
8.5
8.5
9.0
8.0
6.5
22.0
6.0
