  12512
   9199
   8392
   7698
   7137
   6526
   6378
   6059
   5898
   5643
   5584
   5202
   4670
   4463
   4445
   4416
   4242
   3948
   3870
   3481
   3428
   3203
   3139
   3051
   2756
   2665
   2541
   2431
   2039
   2015
   2007
   1625
   1625
   1563
   1554
   1516
   1348
   1290
   1267
   1255
   1157
   1131
   1035
   1033
    899
    871
    827
    621
    589
    532
    478
    477
    477
    457
    432
    430
    423
    393
    379
    338
    338
    321
    310
    264
    256
    250
    249
    242
    231
    226
    208
    204
    203
    183
    180
    176
    166
    163
    156
    156
    152
    148
    138
    136
    118
    110
    108
    106
    102
     95
     94
     92
     87
     71
     68
     64
     62
     62
     61
     58
