0.0 2154668
1.0 353394
2.0 246723
2.06 86865
1.5 86098
1.96 85667
2.16 84008
1.86 82972
2.26 81187
3.0 77269
2.36 77169
1.76 75463
2.46 73608
2.56 68649
2.66 64689
1.66 64340
2.76 59860
2.45 55396
2.86 55151
5.0 52710
2.96 50761
1.56 46735
3.06 46721
1.95 45840
3.16 42171
2.05 40137
3.26 38938
2.95 38792
2.15 37147
1.85 37083
1.7 35529
3.36 34987
1.2 34872
1.75 34706
2.25 34085
2.2 34074
2.55 32962
3.46 32177
4.0 31769
12.28 30546
2.35 30474
3.56 29559
1.46 29273
2.75 29139
3.05 27377
3.45 27364
3.66 27239
2.7 26917
2.5 26640
1.65 25733
2.65 25636
3.2 25274
3.76 24518
1.55 23264
3.86 22865
2.85 21929
10.0 21705
3.96 21330
3.95 21009
4.06 19496
4.16 17835
3.35 17235
3.15 16655
4.26 16360
3.25 15852
3.55 15756
4.36 15269
2.3 15220
2.58 14917
2.08 14901
3.7 14816
4.46 14464
1.25 14216
1.36 14002
3.65 13815
2.82 13591
3.08 13452
1.4 13398
4.56 13218
4.45 12897
1.45 12271
2.32 12173
4.66 12149
3.5 11359
4.76 11217
1.47 11036
4.86 10864
6.0 10840
12.25 10710
1.62 10583
4.05 10554
3.75 10548
1.32 10316
4.2 10262
3.58 10110
4.95 9804
4.96 9679
1.77 9503
3.85 9233
5.06 9070
4.7 9069
4.55 9054
3.32 8967
0.7 8867
4.25 8756
1.92 8560
0.5 8471
8.0 8390
5.16 8360
1.08 8212
11.06 8186
5.45 7703
1.54 7678
5.26 7470
2.8 7457
7.0 7358
1.8 7301
4.15 7181
4.08 7175
2.6 7105
2.07 7051
2.22 7046
3.09 6976
2.94 6943
5.36 6912
2.79 6850
3.8 6730
3.24 6614
1.1 6579
13.18 6547
3.82 6458
3.39 6430
5.46 6394
2.64 6372
1.84 6367
1.24 6265
4.35 6227
1.17 6217
1.35 5929
2.9 5858
1.18 5829
3.54 5822
5.56 5799
0.98 5732
2.49 5692
1.03 5652
4.85 5635
0.93 5610
0.88 5538
1.26 5461
5.2 5437
5.66 5413
1.58 5325
5.05 5300
1.13 5227
3.69 5201
15.36 5195
3.3 5193
4.58 5177
5.95 5052
1.82 5050
4.32 5045
3.84 5020
4.65 4967
5.76 4963
2.34 4923
2.37 4841
1.23 4724
4.75 4710
5.86 4657
2.14 4616
1.28 4588
3.99 4506
0.83 4480
5.15 4410
5.08 4335
1.33 4259
5.96 4231
0.01 4202
5.55 4140
4.14 4080
2.52 4073
2.33 3999
6.06 3961
11.78 3939
5.7 3901
1.38 3799
4.29 3784
4.44 3747
6.2 3632
1.48 3611
6.45 3529
1.43 3517
2.19 3481
4.82 3480
15.35 3435
6.95 3406
6.16 3389
0.78 3382
11.05 3303
4.59 3295
6.26 3244
2.67 3235
5.58 3230
2.44 3167
1.16 3166
6.36 3141
5.25 3119
6.05 3092
2.83 3032
0.75 2996
4.74 2989
1.53 2923
5.35 2891
3.33 2836
5.75 2809
6.46 2757
1.06 2751
1.3 2746
15.0 2729
6.08 2606
4.1 2574
4.89 2566
5.32 2558
6.56 2531
7.08 2498
0.8 2477
13.15 2476
6.66 2453
7.58 2453
5.04 2437
6.58 2433
7.45 2427
1.63 2369
4.3 2346
8.08 2310
5.3 2292
5.19 2274
9.0 2240
1.68 2236
8.58 2235
5.65 2231
1.11 2230
4.4 2220
2.97 2204
6.7 2159
1.88 2153
1.73 2142
6.76 2136
5.34 2128
1.6 2099
1.78 2088
12.0 2073
6.86 2052
0.2 2051
0.73 2041
4.5 2041
6.35 2041
2.74 2033
7.95 2007
5.85 1990
4.8 1989
6.96 1977
20.0 1976
13.82 1954
2.04 1950
6.55 1942
5.82 1935
2.03 1925
3.12 1922
5.49 1904
1.02 1895
9.21 1885
6.65 1849
7.98 1834
8.48 1832
7.55 1820
1.83 1779
3.83 1774
0.1 1770
7.48 1752
7.06 1751
8.98 1745
8.18 1738
5.64 1734
7.78 1716
5.79 1704
7.88 1691
8.28 1664
8.45 1664
7.05 1655
7.7 1654
11.96 1652
8.38 1650
7.68 1624
9.08 1614
1.15 1597
3.27 1596
7.16 1589
6.15 1572
5.94 1561
7.2 1556
7.25 1543
7.26 1542
8.68 1531
7.28 1530
7.38 1524
16.48 1509
6.25 1501
7.36 1501
8.88 1500
18.43 1492
7.46 1457
3.04 1446
8.15 1434
8.78 1434
9.48 1404
7.18 1393
7.85 1385
6.75 1377
6.32 1375
5.8 1347
3.42 1346
11.75 1343
6.98 1337
6.09 1332
5.5 1317
7.56 1303
0.08 1301
9.58 1301
0.96 1300
8.05 1297
6.88 1293
1.93 1274
6.85 1272
6.24 1263
8.95 1263
0.02 1254
7.35 1245
4.33 1236
6.5 1220
9.18 1211
1.98 1202
9.98 1200
10.08 1189
7.65 1182
10.48 1179
3.57 1176
7.75 1172
9.28 1162
7.15 1154
6.39 1139
7.86 1133
6.54 1130
7.66 1129
6.78 1119
7.76 1110
6.14 1086
1.67 1085
2.48 1084
6.69 1065
11.0 1063
9.38 1059
8.35 1055
9.05 1053
8.36 1050
8.85 1047
8.55 1046
9.45 1037
1.05 1036
2.18 1036
6.68 1036
3.34 1027
8.65 1020
8.25 1019
7.96 1014
6.84 1001
8.06 1000
8.3 1000
6.8 998
9.95 993
8.75 992
0.9 987
11.95 982
8.86 977
6.82 964
9.35 961
2.13 942
9.68 939
2.12 925
8.16 924
5.6 920
3.72 916
0.68 906
4.83 905
6.99 900
0.95 899
9.78 899
1.89 893
1.9 889
9.88 881
2.21 873
2.28 861
14.73 860
1.94 860
8.46 860
0.94 858
0.86 847
7.14 845
8.56 841
9.36 837
10.45 834
9.15 832
1.49 829
12.68 820
2.23 818
8.26 817
10.56 810
7.5 806
10.98 803
2.38 799
10.18 798
5.9 798
9.06 796
10.58 795
3.87 794
6.48 792
8.76 792
0.05 782
7.29 773
7.32 768
13.8 765
8.2 763
9.65 762
10.1 760
8.66 759
9.86 758
9.85 749
9.16 746
3.64 726
13.16 721
13.06 713
6.3 709
7.44 702
10.28 698
2.43 697
4.02 696
11.08 693
8.96 693
2.39 689
7.59 688
9.25 688
16.45 677
8.7 668
2.93 664
6.38 664
9.2 664
10.36 654
9.55 654
10.78 653
2.57 648
10.38 640
2.88 640
5.33 637
9.6 635
2.4 626
1.12 625
3.94 615
10.6 613
11.48 607
16.59 606
0.52 605
9.26 604
13.0 601
7.74 598
10.35 597
10.55 594
18.4 576
10.88 571
10.05 568
10.86 567
11.98 566
0.44 565
10.85 565
8.04 556
0.62 554
0.49 549
7.82 547
1.42 545
8.6 543
7.89 541
0.03 538
4.17 538
10.15 536
1.74 536
0.54 531
1.59 527
11.1 525
5.83 525
11.45 520
2.53 517
0.59 516
0.76 516
10.68 516
9.66 514
14.95 513
10.95 512
0.66 508
9.7 499
6.28 497
9.56 497
8.32 496
0.64 492
10.25 490
7.1 487
9.1 487
8.19 484
19.78 479
2.68 479
9.46 473
9.75 473
2.84 468
11.36 464
0.42 463
0.85 460
5.98 460
9.73 459
8.34 458
10.2 455
5.88 455
0.72 454
11.23 449
2.1 444
0.82 440
25.0 436
6.18 436
9.76 436
10.7 434
0.15 429
11.38 429
8.82 427
11.6 424
11.58 422
10.06 420
2.63 419
1.72 415
0.69 413
14.0 406
10.23 404
10.65 402
4.47 401
8.49 400
0.74 399
0.79 394
7.3 393
4.24 391
8.8 390
0.56 388
1.22 388
11.35 386
3.11 386
10.66 385
12.1 384
14.7 384
9.96 381
0.99 380
10.73 380
12.65 380
10.16 377
0.46 373
9.89 373
11.2 371
1.44 370
2.73 369
10.26 368
11.18 367
3.02 367
11.86 364
9.23 363
7.8 361
11.68 359
1.57 358
12.08 356
10.46 355
1.14 355
8.64 355
0.6 354
10.75 354
8.79 354
12.45 350
12.56 350
0.11 349
6.33 347
9.32 346
0.39 342
5.68 342
3.38 341
13.05 340
11.15 339
12.36 336
5.78 335
7.4 335
0.87 334
12.58 333
2.78 330
4.62 330
11.28 329
3.29 329
5.53 329
1.31 321
2.02 319
8.94 319
9.09 319
13.66 318
12.73 317
8.9 317
12.48 316
10.76 314
30.0 314
0.58 313
13.2 313
12.46 311
11.46 302
13.1 302
16.55 302
0.55 301
13.56 301
9.24 301
10.96 296
4.54 295
8.73 294
8.84 290
15.86 285
6.83 283
1.41 280
13.36 278
4.88 278
11.73 277
3.03 277
0.63 276
11.85 276
5.18 276
9.82 276
6.59 275
5.48 274
9.39 274
13.48 272
8.5 272
12.2 269
4.77 269
0.09 267
0.25 267
11.16 267
1.29 265
11.65 264
12.86 256
2.98 256
9.54 254
1.01 249
0.04 245
5.28 245
12.6 244
11.7 242
12.96 242
4.28 241
0.84 240
1.34 240
3.88 239
12.95 236
13.45 236
13.76 236
4.98 236
11.88 235
12.05 234
0.3 233
4.92 233
12.7 232
2.01 232
9.8 231
13.86 230
3.28 229
5.38 229
9.69 226
9.5 225
13.96 224
9.99 224
1.09 223
17.68 222
12.98 221
3.74 221
12.35 220
8.1 220
10.32 219
3.47 218
14.9 217
18.0 217
9.84 217
11.26 216
11.66 213
13.6 213
10.8 210
0.4 209
10.82 206
12.23 206
4.19 205
8.4 205
6.6 203
10.14 202
10.44 202
4.84 202
8.23 202
11.56 201
1.21 201
12.21 199
12.88 199
4.78 198
5.09 198
7.33 198
12.85 197
1.99 196
1.27 194
16.0 194
2.09 194
10.4 190
12.66 190
14.36 190
0.57 188
11.76 188
4.68 188
12.16 187
13.26 187
4.48 186
11.55 185
0.65 184
11.25 184
12.18 184
14.06 184
14.08 184
5.22 182
11.32 180
0.77 179
14.16 179
5.07 179
0.89 178
13.78 178
40.0 178
0.47 177
2.77 177
3.92 176
0.22 175
0.92 175
12.15 174
15.06 174
3.18 174
10.74 173
12.76 172
1.19 171
3.6 171
12.38 170
14.45 170
19.75 170
0.07 168
1.04 167
3.4 167
3.13 165
12.06 164
5.89 164
0.06 163
14.46 163
13.08 161
13.25 161
13.95 161
2.69 160
5.84 160
9.3 159
14.98 158
10.3 157
1.79 156
14.56 155
13.85 153
15.16 153
9.9 153
0.36 152
10.59 152
12.55 152
13.58 152
5.54 151
10.89 150
15.05 149
7.83 149
5.39 148
9.4 148
0.67 146
15.85 146
16.32 146
10.29 145
12.26 144
13.65 144
14.38 144
14.23 143
5.31 143
11.3 142
12.4 142
6.29 142
11.8 141
14.05 141
14.66 141
14.76 141
15.26 141
13.7 140
3.23 140
50.0 140
5.24 139
0.53 138
14.26 138
1.51 138
17.94 138
3.1 138
5.69 138
10.9 137
13.23 137
17.65 137
5.14 137
14.86 136
4.01 136
3.07 135
5.61 135
7.6 135
0.12 134
15.58 132
17.0 131
8.07 131
11.53 129
14.35 129
5.99 129
3.48 128
11.04 127
11.5 126
11.83 126
13.98 126
4.64 126
10.63 125
13.46 125
4.18 125
16.56 124
16.66 123
4.38 122
12.13 121
13.55 121
15.66 121
2.62 121
5.37 121
5.52 121
10.93 120
12.5 120
0.97 119
15.7 118
16.16 118
11.19 117
11.34 117
3.43 117
13.03 116
12.43 115
14.6 115
17.16 115
5.91 115
7.73 115
4.99 114
13.35 113
13.33 112
14.2 112
5.44 112
8.57 112
14.1 111
14.48 111
4.37 111
11.82 110
12.3 110
13.73 110
0.18 109
13.63 109
16.06 109
4.94 109
6.21 109
11.64 108
15.76 108
0.34 107
1.07 106
11.11 105
22.0 105
13.93 103
14.96 103
3.78 103
4.73 103
6.44 103
12.78 102
15.56 102
3.98 102
8.97 101
2.29 99
3.89 99
15.95 98
11.49 97
14.68 97
15.55 97
15.96 97
16.36 97
5.01 97
11.9 96
12.8 96
16.86 96
15.1 95
13.3 94
1.81 94
11.79 93
14.15 93
15.2 93
17.36 93
6.51 93
10.33 92
12.54 91
15.08 91
16.46 91
1.69 91
3.22 91
16.95 90
17.06 90
3.59 90
7.37 90
12.84 89
13.75 89
14.28 89
14.65 88
18.06 88
4.04 88
17.08 87
17.56 87
17.86 87
15.46 86
18.16 86
1.39 85
15.88 85
16.26 85
1.52 84
15.45 84
4.79 84
5.67 84
5.74 84
6.12 84
3.9 82
4.91 82
0.48 81
13.32 81
3.53 81
7.11 81
9.07 81
13.24 80
17.26 80
1.97 80
3.68 80
0.37 79
10.03 79
12.09 79
14.32 79
16.2 79
16.76 79
2.92 79
6.74 79
7.23 79
15.84 78
11.94 77
15.8 77
19.06 77
2.51 76
3.79 76
6.34 76
12.32 75
14.53 75
17.46 75
17.66 75
14.83 74
15.28 74
8.61 74
12.24 73
13.5 73
13.9 73
14.58 73
15.5 73
16.96 73
3.44 73
35.0 73
0.91 72
12.39 72
17.05 72
7.19 72
15.82 71
3.49 71
12.82 70
13.68 70
4.49 70
6.89 70
14.25 69
15.73 69
16.05 69
17.45 69
17.9 69
18.66 69
3.63 69
13.28 68
15.43 68
17.15 68
17.76 68
19.03 68
6.1 68
6.73 68
13.74 67
16.3 67
3.73 67
13.14 66
13.51 66
1.37 66
14.88 66
18.46 66
4.13 66
14.85 65
4.34 65
0.32 64
19.66 64
6.04 64
0.33 63
10.5 63
16.25 63
16.75 63
6.81 63
9.57 63
12.69 62
12.75 62
3.19 62
0.14 61
12.99 61
13.44 61
13.88 61
14.78 61
15.25 61
18.26 61
14.75 60
15.15 60
16.7 60
17.7 60
7.92 60
0.45 59
14.55 59
16.15 59
17.96 59
5.97 59
12.34 58
14.8 58
15.4 58
18.05 58
20.06 58
6.72 58
15.13 57
15.6 57
16.18 57
18.56 57
19.0 57
2.11 57
2.42 57
3.37 57
0.28 56
0.81 56
20.2 56
5.4 56
5.72 56
10.07 55
11.4 55
17.95 55
18.36 55
4.09 55
7.04 55
8.11 55
13.59 54
15.48 54
7.41 54
7.71 54
0.41 53
0.43 53
19.16 53
6.23 53
9.51 53
0.51 52
10.01 52
12.9 52
17.2 52
17.32 52
20.16 52
2.99 52
3.62 52
7.34 52
13.11 51
13.4 51
13.89 51
17.55 51
19.36 51
20.08 51
6.64 51
13.38 50
14.3 50
15.65 50
20.56 50
3.52 50
5.27 50
11.87 49
13.29 49
15.23 49
16.03 49
16.78 49
16.85 49
18.95 49
19.74 49
3.81 49
15.75 48
17.35 48
4.39 48
4.6 48
0.13 47
14.18 47
15.98 47
16.6 47
18.32 47
18.96 47
20.05 47
4.71 47
16.58 46
17.75 46
7.77 46
14.04 45
14.82 45
16.08 45
17.58 45
19.86 45
3.93 45
5.29 45
5.73 45
6.9 45
7.02 45
7.49 45
100.0 44
18.15 44
19.56 44
19.59 44
2.31 44
2.59 44
4.9 44
5.1 44
60.0 44
6.42 44
0.17 43
14.64 43
16.1 43
18.55 43
18.76 43
19.55 43
11.07 42
14.5 42
16.35 42
17.85 42
18.2 42
18.58 42
19.45 42
19.46 42
23.0 42
2.47 42
7.62 42
7.64 42
8.31 42
9.43 42
15.09 41
16.33 41
17.25 41
19.05 41
2.71 41
6.92 41
7.52 41
7.61 41
7.91 41
8.52 41
0.21 40
10.61 40
18.86 40
4.72 40
8.22 40
14.19 39
14.34 39
15.32 39
16.65 39
18.7 39
19.26 39
2.61 39
3.14 39
6.02 39
6.57 39
0.35 38
17.19 38
18.25 38
18.65 38
2.72 38
4.03 38
4.41 38
9.13 38
0.29 37
18.45 37
20.66 37
3.17 37
6.4 37
7.79 37
7.9 37
14.49 36
17.98 36
20.7 36
27.0 36
4.12 36
9.02 36
11.71 35
19.95 35
20.45 35
21.06 35
6.27 35
0.38 34
10.57 34
14.4 34
15.24 34
16.4 34
17.38 34
21.0 34
8.42 34
0.71 33
12.12 33
12.44 33
19.15 33
19.65 33
26.0 33
7.17 33
14.79 32
15.18 32
15.54 32
16.93 32
17.82 32
18.08 32
24.0 32
28.0 32
3.01 32
4.11 32
4.22 32
7.01 32
8.01 32
0.26 31
18.8 31
18.88 31
20.95 31
2.89 31
4.69 31
6.19 31
7.22 31
10.02 30
12.57 30
16.14 30
16.9 30
17.8 30
18.35 30
18.82 30
19.76 30
20.8 30
21.45 30
21.56 30
2.27 30
24.06 30
3.71 30
4.43 30
45.0 30
6.11 30
8.54 30
9.83 30
0.16 29
15.38 29
17.23 29
18.85 29
19.7 29
20.36 29
21.16 29
21.32 29
4.52 29
5.81 29
8.83 29
15.39 28
16.88 28
17.5 28
1.87 28
19.32 28
4.23 28
6.61 28
6.94 28
7.94 28
8.02 28
8.09 28
14.94 27
15.99 27
16.74 27
16.89 27
18.75 27
18.84 27
19.2 27
21.66 27
22.06 27
3.61 27
5.63 27
6.71 27
8.12 27
0.19 26
0.24 26
0.61 26
16.38 26
16.98 26
17.3 26
18.28 26
18.69 26
19.85 26
20.32 26
22.16 26
23.06 26
7.07 26
7.21 26
80.0 26
8.53 26
16.82 25
16.8 25
17.53 25
19.25 25
19.82 25
20.58 25
22.2 25
2.91 25
3.67 25
5.23 25
6.87 25
7.24 25
9.22 25
0.31 24
15.68 24
16.23 24
1.64 24
17.1 24
17.48 24
20.86 24
33.0 24
5.93 24
6.62 24
7.12 24
7.54 24
0.23 23
0.27 23
15.3 23
16.68 23
18.48 23
20.82 23
21.7 23
21.95 23
22.55 23
4.42 23
70.0 23
9.12 23
11.57 22
12.94 22
15.9 22
20.26 22
20.76 22
21.2 22
22.45 22
22.59 22
23.45 22
2.54 22
3.21 22
3.51 22
4.31 22
5.12 22
55.0 22
6.52 22
6.53 22
7.84 22
8.24 22
8.72 22
13.34 21
17.04 21
17.18 21
18.6 21
19.14 21
2.24 21
24.05 21
24.66 21
3.41 21
4.53 21
7.72 21
8.37 21
9.42 21
9.52 21
16.63 20
17.34 20
19.35 20
19.58 20
19.8 20
20.15 20
20.55 20
21.05 20
22.08 20
23.32 20
4.63 20
5.03 20
7.03 20
7.42 20
7.93 20
8.33 20
10.11 19
15.01 19
15.78 19
16.44 19
17.6 19
18.09 19
19.3 19
20.46 19
21.4 19
22.76 19
22.82 19
23.16 19
30.05 19
32.0 19
4.07 19
5.02 19
6.17 19
6.22 19
7.63 19
11.22 18
13.12 18
14.41 18
16.73 18
18.13 18
18.98 18
19.08 18
19.96 18
20.3 18
20.9 18
20.96 18
21.76 18
21.86 18
22.3 18
22.7 18
24.16 18
2.81 18
4.81 18
5.62 18
5.92 18
7.47 18
7.51 18
10.52 17
13.01 17
13.83 17
16.29 17
16.5 17
17.4 17
17.64 17
18.1 17
18.24 17
19.44 17
19.89 17
20.4 17
20.75 17
21.08 17
21.3 17
21.58 17
21.8 17
21.82 17
21.96 17
22.05 17
22.46 17
22.66 17
4.93 17
5.13 17
8.69 17
8.71 17
9.72 17
11.01 16
12.61 16
14.07 16
17.12 16
18.54 16
18.99 16
20.49 16
22.22 16
23.58 16
24.58 16
25.05 16
5.41 16
7.31 16
8.41 16
8.51 16
8.62 16
8.81 16
8.99 16
9.14 16
9.61 16
10.31 15
10.62 15
1.71 15
17.83 15
18.9 15
19.48 15
19.9 15
20.64 15
20.85 15
21.36 15
21.39 15
21.46 15
21.65 15
22.15 15
23.08 15
23.26 15
23.95 15
27.16 15
29.0 15
5.43 15
65.0 15
7.43 15
7.81 15
8.14 15
9.41 15
13.02 14
13.57 14
17.28 14
17.88 14
18.5 14
19.4 14
20.04 14
22.32 14
22.36 14
22.56 14
23.15 14
23.38 14
2.41 14
24.2 14
27.2 14
38.0 14
4.61 14
6.43 14
6.47 14
6.79 14
8.44 14
8.92 14
9.11 14
9.44 14
10.17 13
11.02 13
12.22 13
12.92 13
13.27 13
15.69 13
16.28 13
17.78 13
18.01 13
18.3 13
1.91 13
19.33 13
20.34 13
20.38 13
21.15 13
21.26 13
22.86 13
22.95 13
23.64 13
23.66 13
24.24 13
25.06 13
25.7 13
3.31 13
4.21 13
5.42 13
6.49 13
8.39 13
90.0 13
9.01 13
9.04 13
9.34 13
10.12 12
12.07 12
12.11 12
12.72 12
13.13 12
13.72 12
15.07 12
16.07 12
17.11 12
17.79 12
18.14 12
18.18 12
18.73 12
19.18 12
19.38 12
20.65 12
21.55 12
22.65 12
22.75 12
22.8 12
23.2 12
23.82 12
24.28 12
24.4 12
24.45 12
24.56 12
25.14 12
25.2 12
25.55 12
25.66 12
26.06 12
26.16 12
26.3 12
30.66 12
44.0 12
6.91 12
8.27 12
9.33 12
9.59 12
9.81 12
10.42 11
10.83 11
11.12 11
11.31 11
12.29 11
12.42 11
13.84 11
14.14 11
16.01 11
17.49 11
18.39 11
19.5 11
19.63 11
20.35 11
20.88 11
21.35 11
2.17 11
21.88 11
22.25 11
23.36 11
23.46 11
24.08 11
24.15 11
26.05 11
26.45 11
30.2 11
3.77 11
5.51 11
5.57 11
5.71 11
6.03 11
6.63 11
6.67 11
75.0 11
8.29 11
8.91 11
9.27 11
9.31 11
9.87 11
10.41 10
10.71 10
10.81 10
10.84 10
11.21 10
11.52 10
12.02 10
12.52 10
12.62 10
13.07 10
13.17 10
14.97 10
16.39 10
16.62 10
17.61 10
18.42 10
18.78 10
19.28 10
19.29 10
200.0 10
20.25 10
20.94 10
20.98 10
21.5 10
21.75 10
21.9 10
22.58 10
22.88 10
23.49 10
24.7 10
25.08 10
25.15 10
26.15 10
26.56 10
26.76 10
27.06 10
27.7 10
28.16 10
30.06 10
3.91 10
4.87 10
5.11 10
5.59 10
6.13 10
8.74 10
9.92 10
10.22 9
10.34 9
10.47 9
12.51 9
13.21 9
14.44 9
14.52 9
14.57 9
14.72 9
14.81 9
15.62 9
15.93 9
16.12 9
16.22 9
16.43 9
17.02 9
17.62 9
18.38 9
18.68 9
19.88 9
20.6 9
21.09 9
21.18 9
21.1 9
21.24 9
21.85 9
22.14 9
22.18 9
22.26 9
22.38 9
22.74 9
22.78 9
23.25 9
23.55 9
23.56 9
23.76 9
23.94 9
24.96 9
25.16 9
25.26 9
25.38 9
25.45 9
25.8 9
26.66 9
27.05 9
28.45 9
29.06 9
4.51 9
6.31 9
9.62 9
10.72 8
10.91 8
11.74 8
12.27 8
13.47 8
13.92 8
14.13 8
14.43 8
15.57 8
15.71 8
16.02 8
16.41 8
16.52 8
17.24 8
17.57 8
18.11 8
19.1 8
19.6 8
19.98 8
20.02 8
20.28 8
20.5 8
20.62 8
20.79 8
21.25 8
21.84 8
21.98 8
22.29 8
22.33 8
22.35 8
22.4 8
22.5 8
22.96 8
22.9 8
23.04 8
23.6 8
23.8 8
23.96 8
24.26 8
24.32 8
24.35 8
24.8 8
24.95 8
25.46 8
25.59 8
26.6 8
26.75 8
26.94 8
27.28 8
28.06 8
28.74 8
2.87 8
29.05 8
30.08 8
30.56 8
32.16 8
32.7 8
36.05 8
47.0 8
48.0 8
6.01 8
62.0 8
10.13 7
10.24 7
10.92 7
11.42 7
11.97 7
12.01 7
12.04 7
12.33 7
12.47 7
12.97 7
13.53 7
13.62 7
14.12 7
14.33 7
14.54 7
14.61 7
14.74 7
15.51 7
15.61 7
15.92 7
16.13 7
1.61 7
16.21 7
16.31 7
16.64 7
16.92 7
17.44 7
18.07 7
18.52 7
18.71 7
18.72 7
19.11 7
19.67 7
19.68 7
19.73 7
19.93 7
20.18 7
20.53 7
20.68 7
21.28 7
21.48 7
21.54 7
21.78 7
22.85 7
22.89 7
23.05 7
23.65 7
23.68 7
23.7 7
24.09 7
24.3 7
24.5 7
24.85 7
25.36 7
25.4 7
25.74 7
25.88 7
26.26 7
26.2 7
27.09 7
27.5 7
27.58 7
28.2 7
28.76 7
28.88 7
29.76 7
31.0 7
32.05 7
32.66 7
34.0 7
36.0 7
37.0 7
3.97 7
40.16 7
4.67 7
4.97 7
5.21 7
53.0 7
5.77 7
7.13 7
7.99 7
8.63 7
8.89 7
9.71 7
9.94 7
10.09 6
110.0 6
11.43 6
11.44 6
11.51 6
13.54 6
13.71 6
14.22 6
14.31 6
14.42 6
14.62 6
14.84 6
15.03 6
15.04 6
15.11 6
15.12 6
15.21 6
15.22 6
15.79 6
15.94 6
16.04 6
16.24 6
16.34 6
16.42 6
16.54 6
17.31 6
17.52 6
17.74 6
17.92 6
18.04 6
18.23 6
18.61 6
18.81 6
19.22 6
20.11 6
20.14 6
20.1 6
20.48 6
20.57 6
20.73 6
22.28 6
23.34 6
23.35 6
23.3 6
23.4 6
23.75 6
23.79 6
23.86 6
23.9 6
24.1 6
24.46 6
24.54 6
24.55 6
24.65 6
24.86 6
25.32 6
25.35 6
25.44 6
25.82 6
25.95 6
26.08 6
26.95 6
27.98 6
28.14 6
28.56 6
30.16 6
30.8 6
31.26 6
31.28 6
4.27 6
52.0 6
6.41 6
7.09 6
8.21 6
85.0 6
9.64 6
9.74 6
99.0 6
10.19 5
10.39 5
10.54 5
10.67 5
10.97 5
11.09 5
11.13 5
11.14 5
11.24 5
11.27 5
11.61 5
11.67 5
11.72 5
120.0 5
12.14 5
12.41 5
12.63 5
12.64 5
12.67 5
12.71 5
12.91 5
13.19 5
13.37 5
13.52 5
13.61 5
13.77 5
14.92 5
15.14 5
15.37 5
16.49 5
16.51 5
16.61 5
16.91 5
16.94 5
17.07 5
17.21 5
17.22 5
17.41 5
17.51 5
17.54 5
17.81 5
18.12 5
18.44 5
18.67 5
19.51 5
19.87 5
20.01 5
20.07 5
20.19 5
20.23 5
20.92 5
21.13 5
21.38 5
21.6 5
22.12 5
22.1 5
22.44 5
22.52 5
22.6 5
22.98 5
23.01 5
23.02 5
23.19 5
23.28 5
23.48 5
23.57 5
23.73 5
23.88 5
23.98 5
24.57 5
24.69 5
24.82 5
24.88 5
24.98 5
24.99 5
25.1 5
25.25 5
25.3 5
25.98 5
26.19 5
26.32 5
26.36 5
26.5 5
26.58 5
26.64 5
26.8 5
27.08 5
27.24 5
27.48 5
27.66 5
27.76 5
27.8 5
27.88 5
27.95 5
28.28 5
28.51 5
28.58 5
28.7 5
28.8 5
28.95 5
29.1 5
29.46 5
29.8 5
29.86 5
29.96 5
30.24 5
30.28 5
30.3 5
30.46 5
31.2 5
32.48 5
33.32 5
33.33 5
33.48 5
35.25 5
37.06 5
37.58 5
37.7 5
38.2 5
38.8 5
40.06 5
41.38 5
44.16 5
46.0 5
5.47 5
6.07 5
6.93 5
7.53 5
7.97 5
8.93 5
9.29 5
9.91 5
10.49 4
10.51 4
10.64 4
10.77 4
10.94 4
11.37 4
11.59 4
11.62 4
11.69 4
11.77 4
11.89 4
11.92 4
11.93 4
12.17 4
12.31 4
12.81 4
12.87 4
12.93 4
13.22 4
13.31 4
13.41 4
13.43 4
14.01 4
14.11 4
14.21 4
14.37 4
14.71 4
14.91 4
14.99 4
15.02 4
15.31 4
15.41 4
15.42 4
15.44 4
15.63 4
15.74 4
15.89 4
16.53 4
16.71 4
16.79 4
17.01 4
17.14 4
17.73 4
18.31 4
18.34 4
18.57 4
18.64 4
18.74 4
19.02 4
19.07 4
19.12 4
19.23 4
19.24 4
19.42 4
19.57 4
19.61 4
19.83 4
20.22 4
20.78 4
21.07 4
21.14 4
21.23 4
21.43 4
21.69 4
21.99 4
22.07 4
22.41 4
22.48 4
22.51 4
22.57 4
22.68 4
23.11 4
23.1 4
23.23 4
23.5 4
23.78 4
24.39 4
24.75 4
24.84 4
25.02 4
25.07 4
25.28 4
25.29 4
25.48 4
25.5 4
25.56 4
25.58 4
25.86 4
25.89 4
25.96 4
26.25 4
26.49 4
26.7 4
26.85 4
27.32 4
27.36 4
27.65 4
27.71 4
27.99 4
28.26 4
28.29 4
28.38 4
28.66 4
28.85 4
28.89 4
29.25 4
29.26 4
29.36 4
29.38 4
29.68 4
29.95 4
30.15 4
30.58 4
30.99 4
31.3 4
31.45 4
31.46 4
31.78 4
31.88 4
32.55 4
33.06 4
33.38 4
33.46 4
33.78 4
34.3 4
34.38 4
34.58 4
34.7 4
35.05 4
35.08 4
35.66 4
35.86 4
36.06 4
36.61 4
37.38 4
39.0 4
40.05 4
40.2 4
43.0 4
45.24 4
50.05 4
5.17 4
54.0 4
56.0 4
61.42 4
64.0 4
66.0 4
66.7 4
6.77 4
8.43 4
8.67 4
9.77 4
10.04 3
100.8 3
10.21 3
10.27 3
10.87 3
111.0 3
11.33 3
11.39 3
11.41 3
11.81 3
11.91 3
12.37 3
13.64 3
13.81 3
13.91 3
13.94 3
14.03 3
14.47 3
14.51 3
14.93 3
15.19 3
15.34 3
15.81 3
15.83 3
15.87 3
15.91 3
16.09 3
16.11 3
16.19 3
16.57 3
16.83 3
17.42 3
18.02 3
18.94 3
19.01 3
19.21 3
19.64 3
19.94 3
20.03 3
20.52 3
20.69 3
20.71 3
21.01 3
21.12 3
21.52 3
21.73 3
21.81 3
22.03 3
22.71 3
23.07 3
23.18 3
24.13 3
24.23 3
24.36 3
24.48 3
24.68 3
24.81 3
25.18 3
25.6 3
25.68 3
25.76 3
25.85 3
26.04 3
26.38 3
26.55 3
26.65 3
26.71 3
26.81 3
26.86 3
26.98 3
27.11 3
27.18 3
27.21 3
27.23 3
27.26 3
27.3 3
27.38 3
27.39 3
27.55 3
27.57 3
27.68 3
27.69 3
27.84 3
28.05 3
28.18 3
28.25 3
28.31 3
28.32 3
28.3 3
28.48 3
28.59 3
28.61 3
28.86 3
29.08 3
29.16 3
29.49 3
29.5 3
29.66 3
29.71 3
29.78 3
29.82 3
29.88 3
300.0 3
30.03 3
30.07 3
30.26 3
30.45 3
30.69 3
30.7 3
30.84 3
31.06 3
31.16 3
31.25 3
31.32 3
31.38 3
31.55 3
31.56 3
31.59 3
31.6 3
31.7 3
31.74 3
32.08 3
32.19 3
32.34 3
32.58 3
32.95 3
33.18 3
33.2 3
33.66 3
33.7 3
33.8 3
33.98 3
34.05 3
34.06 3
34.14 3
35.06 3
35.11 3
35.3 3
35.35 3
35.48 3
35.8 3
35.94 3
36.16 3
36.24 3
36.45 3
37.16 3
37.29 3
38.04 3
38.85 3
39.06 3
39.2 3
39.76 3
40.04 3
40.4 3
42.0 3
43.06 3
45.16 3
47.2 3
47.5 3
50.06 3
50.08 3
51.0 3
52.06 3
55.55 3
57.0 3
58.0 3
5.87 3
61.7 3
65.92 3
67.0 3
7.57 3
75.75 3
77.0 3
8.13 3
82.0 3
8.77 3
88.0 3
8.87 3
9.19 3
95.0 3
9.53 3
9.97 3
10.43 2
10.69 2
10.99 2
11.29 2
115.0 2
11.63 2
11.84 2
12.03 2
12.49 2
12.74 2
12.77 2
12.83 2
130.0 2
13.09 2
13.99 2
140.0 2
14.02 2
14.17 2
14.29 2
14.59 2
14.63 2
150.0 2
15.29 2
15.33 2
15.47 2
15.52 2
15.72 2
15.97 2
16.17 2
16.37 2
16.69 2
16.81 2
16.84 2
16.99 2
17.03 2
17.09 2
17.33 2
17.37 2
17.72 2
17.87 2
17.91 2
17.97 2
18.03 2
18.21 2
18.22 2
18.29 2
18.41 2
18.51 2
18.62 2
18.63 2
18.79 2
18.87 2
18.93 2
18.97 2
19.04 2
19.27 2
19.34 2
195.0 2
19.53 2
19.54 2
19.62 2
19.71 2
19.91 2
19.92 2
19.99 2
20.13 2
20.24 2
20.31 2
20.41 2
20.42 2
20.51 2
20.61 2
20.72 2
20.84 2
21.11 2
21.27 2
21.47 2
21.57 2
21.61 2
21.64 2
21.68 2
22.11 2
22.21 2
22.42 2
22.73 2
22.77 2
22.94 2
23.12 2
23.33 2
23.37 2
23.42 2
23.52 2
23.53 2
23.71 2
23.72 2
23.83 2
23.85 2
23.91 2
24.02 2
24.07 2
24.11 2
24.25 2
24.31 2
24.38 2
24.42 2
24.6 2
24.62 2
24.72 2
24.76 2
25.04 2
25.11 2
25.41 2
25.61 2
25.62 2
25.65 2
25.75 2
25.77 2
26.07 2
26.12 2
26.18 2
26.22 2
26.27 2
26.28 2
26.35 2
26.4 2
26.48 2
26.53 2
26.61 2
26.73 2
26.79 2
26.82 2
26.91 2
26.9 2
26.96 2
27.01 2
27.07 2
27.14 2
27.25 2
27.35 2
27.45 2
27.51 2
27.56 2
27.63 2
27.78 2
27.91 2
27.92 2
27.96 2
28.02 2
28.08 2
28.11 2
28.15 2
28.35 2
28.41 2
28.4 2
28.46 2
28.55 2
28.65 2
28.71 2
28.75 2
28.78 2
28.82 2
28.96 2
28.98 2
29.11 2
29.15 2
29.18 2
29.19 2
29.28 2
29.3 2
29.35 2
29.4 2
29.45 2
29.48 2
29.51 2
29.56 2
29.58 2
29.6 2
29.7 2
29.73 2
29.9 2
30.09 2
30.11 2
30.21 2
30.41 2
30.5 2
30.75 2
30.82 2
30.96 2
31.07 2
31.22 2
31.48 2
31.58 2
31.95 2
31.98 2
32.06 2
32.2 2
32.22 2
32.25 2
32.26 2
32.35 2
32.45 2
32.5 2
32.53 2
32.76 2
32.83 2
33.05 2
33.25 2
33.39 2
33.45 2
33.5 2
33.54 2
33.56 2
33.76 2
33.86 2
33.88 2
33.95 2
33.97 2
33.99 2
34.08 2
34.1 2
34.16 2
34.2 2
34.36 2
34.48 2
34.56 2
34.59 2
34.6 2
34.68 2
34.71 2
34.86 2
34.89 2
35.15 2
35.19 2
35.32 2
35.7 2
35.88 2
35.9 2
36.09 2
36.2 2
36.46 2
36.76 2
36.92 2
36.99 2
37.25 2
37.28 2
37.36 2
37.45 2
37.75 2
37.76 2
37.79 2
37.8 2
37.93 2
38.05 2
38.06 2
38.1 2
38.3 2
38.36 2
38.58 2
38.66 2
38.88 2
38.95 2
39.16 2
39.46 2
39.73 2
39.84 2
39.95 2
40.31 2
40.56 2
40.66 2
40.73 2
40.88 2
41.32 2
41.41 2
41.5 2
41.78 2
41.86 2
42.08 2
42.25 2
42.46 2
43.28 2
43.46 2
43.68 2
44.28 2
44.35 2
44.58 2
44.86 2
44.98 2
45.05 2
45.39 2
45.55 2
4.57 2
45.86 2
50.03 2
50.5 2
50.66 2
50.8 2
50.88 2
51.5 2
51.7 2
51.78 2
52.55 2
52.7 2
52.86 2
53.3 2
54.25 2
55.11 2
55.86 2
59.0 2
59.35 2
60.01 2
60.05 2
60.08 2
60.56 2
61.0 2
61.38 2
62.55 2
65.27 2
69.58 2
6.97 2
70.05 2
70.5 2
71.0 2
72.0 2
7.27 2
73.0 2
7.67 2
7.69 2
80.66 2
8.47 2
8.59 2
88.88 2
9.03 2
9.17 2
99.99 2
101.0 1
102.27 1
102.5 1
103.0 1
103.02 1
105.0 1
10.53 1
10.79 1
110.11 1
11.03 1
111.11 1
112.0 1
112.2 1
113.0 1
11.54 1
116.28 1
116.62 1
117.77 1
119.59 1
121.75 1
125.0 1
12.59 1
127.69 1
12.89 1
13.04 1
13.39 1
13.42 1
134.34 1
135.0 1
13.67 1
13.79 1
138.0 1
13.87 1
13.97 1
140.86 1
14.09 1
141.14 1
14.24 1
14.27 1
14.39 1
145.7 1
14.67 1
147.36 1
14.77 1
148.3 1
14.87 1
14.89 1
150.08 1
15.17 1
15.49 1
15.53 1
15.59 1
15.64 1
15.67 1
158.82 1
16.27 1
16.47 1
16.67 1
16.72 1
16.77 1
17.13 1
17.27 1
17.29 1
17.39 1
17.43 1
17.47 1
17.59 1
17.69 1
17.71 1
17.77 1
17.84 1
178.73 1
17.89 1
180.0 1
182.46 1
18.27 1
18.37 1
18.53 1
18.59 1
18.83 1
18.89 1
18.91 1
18.92 1
19.19 1
19.31 1
19.37 1
19.39 1
19.43 1
19.69 1
19.72 1
19.77 1
19.79 1
19.84 1
200.08 1
200.18 1
200.8 1
20.27 1
20.29 1
20.44 1
20.54 1
20.74 1
20.77 1
20.81 1
20.83 1
20.91 1
20.99 1
21.03 1
21.17 1
21.37 1
21.41 1
21.49 1
21.51 1
21.62 1
21.67 1
21.71 1
21.74 1
21.77 1
21.83 1
21.87 1
21.89 1
21.92 1
21.94 1
21.97 1
220.0 1
22.01 1
22.04 1
22.17 1
222.22 1
22.23 1
22.31 1
22.49 1
225.0 1
22.53 1
22.62 1
22.63 1
22.64 1
22.69 1
22.81 1
22.91 1
22.92 1
229.7 1
23.13 1
23.22 1
23.41 1
23.43 1
23.47 1
23.62 1
23.67 1
23.69 1
23.77 1
23.84 1
23.87 1
239.0 1
24.03 1
24.14 1
24.17 1
24.18 1
24.21 1
24.27 1
24.41 1
24.51 1
24.52 1
24.61 1
24.63 1
24.73 1
24.74 1
24.78 1
24.9 1
24.92 1
24.93 1
250.0 1
25.01 1
25.12 1
25.17 1
25.21 1
25.22 1
25.23 1
25.24 1
25.27 1
25.33 1
25.39 1
25.47 1
25.52 1
25.54 1
25.63 1
25.71 1
25.72 1
25.73 1
25.78 1
25.83 1
25.87 1
25.92 1
25.93 1
25.94 1
26.01 1
26.1 1
26.11 1
26.14 1
26.21 1
26.23 1
26.31 1
26.37 1
26.39 1
26.41 1
26.43 1
26.44 1
26.51 1
26.77 1
26.78 1
26.88 1
26.97 1
27.03 1
27.13 1
27.15 1
27.27 1
27.31 1
27.34 1
27.41 1
27.42 1
27.52 1
27.54 1
27.6 1
27.61 1
27.64 1
27.85 1
27.87 1
27.93 1
28.01 1
28.07 1
28.1 1
28.12 1
28.21 1
28.22 1
28.24 1
28.36 1
28.44 1
28.52 1
28.53 1
28.57 1
28.6 1
28.77 1
28.91 1
28.92 1
28.93 1
289.45 1
29.04 1
29.2 1
29.21 1
29.23 1
29.32 1
29.34 1
29.41 1
29.47 1
29.52 1
29.53 1
29.55 1
29.63 1
29.65 1
297.0 1
29.75 1
29.79 1
29.83 1
29.94 1
30.18 1
30.22 1
30.23 1
30.25 1
30.35 1
30.38 1
30.39 1
30.49 1
30.54 1
30.55 1
30.6 1
30.68 1
30.78 1
30.85 1
30.86 1
30.88 1
30.98 1
31.08 1
31.14 1
31.17 1
31.19 1
31.29 1
31.31 1
31.39 1
31.4 1
31.44 1
31.52 1
31.57 1
31.61 1
31.62 1
31.65 1
31.71 1
31.73 1
31.79 1
31.81 1
31.82 1
31.85 1
31.96 1
32.1 1
32.11 1
32.15 1
32.18 1
323.0 1
32.3 1
32.36 1
32.38 1
32.39 1
32.49 1
32.51 1
32.52 1
32.56 1
32.6 1
32.61 1
32.64 1
32.68 1
32.69 1
32.72 1
32.75 1
32.78 1
32.81 1
32.82 1
32.85 1
32.86 1
32.94 1
32.96 1
32.98 1
33.08 1
33.09 1
33.11 1
33.16 1
33.21 1
33.22 1
33.34 1
33.35 1
33.36 1
33.41 1
33.42 1
33.43 1
33.51 1
33.52 1
33.58 1
33.64 1
33.65 1
33.67 1
33.69 1
33.73 1
33.83 1
33.84 1
33.85 1
34.01 1
34.03 1
34.04 1
34.15 1
34.17 1
34.22 1
34.23 1
34.25 1
34.29 1
34.4 1
34.41 1
34.42 1
34.44 1
34.45 1
34.46 1
34.5 1
34.51 1
34.55 1
34.66 1
34.74 1
34.75 1
34.78 1
34.8 1
34.85 1
34.95 1
34.98 1
35.01 1
35.18 1
35.2 1
35.26 1
35.28 1
35.33 1
35.36 1
35.38 1
35.45 1
35.49 1
35.56 1
35.58 1
35.69 1
35.72 1
35.75 1
35.78 1
35.79 1
35.81 1
35.82 1
35.87 1
35.93 1
35.97 1
35.98 1
36.08 1
36.12 1
36.15 1
36.18 1
36.25 1
36.27 1
36.28 1
36.31 1
36.36 1
36.38 1
36.4 1
36.42 1
36.43 1
36.5 1
36.51 1
36.56 1
36.58 1
36.6 1
36.65 1
36.66 1
36.7 1
36.71 1
36.73 1
36.78 1
36.82 1
36.84 1
36.85 1
36.86 1
36.9 1
37.01 1
37.03 1
37.08 1
37.13 1
37.21 1
372.36 1
37.31 1
37.35 1
37.44 1
37.48 1
37.5 1
37.56 1
37.59 1
37.62 1
37.63 1
37.65 1
37.68 1
37.69 1
37.74 1
37.78 1
37.81 1
37.88 1
37.99 1
38.08 1
38.18 1
38.23 1
38.28 1
38.32 1
38.34 1
38.45 1
38.46 1
38.48 1
38.55 1
38.6 1
38.61 1
38.64 1
38.68 1
38.72 1
38.75 1
38.76 1
38.78 1
38.86 1
38.9 1
39.04 1
39.05 1
39.24 1
39.36 1
39.38 1
39.51 1
39.55 1
39.56 1
39.58 1
39.61 1
39.66 1
39.68 1
39.78 1
39.81 1
39.86 1
39.9 1
39.92 1
39.99 1
40.01 1
40.08 1
40.09 1
40.1 1
40.22 1
40.28 1
40.29 1
40.3 1
40.32 1
40.38 1
40.44 1
404.44 1
40.46 1
40.47 1
40.58 1
40.59 1
40.63 1
40.71 1
40.82 1
40.83 1
40.86 1
40.95 1
40.96 1
41.0 1
41.02 1
41.05 1
41.08 1
41.12 1
41.15 1
41.18 1
41.19 1
41.2 1
41.21 1
41.25 1
41.28 1
41.3 1
41.35 1
41.36 1
41.44 1
41.45 1
41.47 1
41.48 1
41.62 1
41.76 1
41.8 1
41.85 1
41.88 1
41.98 1
42.03 1
42.05 1
42.09 1
42.15 1
42.18 1
42.24 1
42.3 1
42.36 1
42.37 1
42.39 1
42.4 1
42.45 1
42.53 1
42.55 1
42.58 1
42.6 1
42.7 1
42.73 1
42.76 1
42.8 1
42.91 1
42.92 1
42.95 1
42.96 1
42.98 1
43.03 1
43.05 1
43.12 1
43.26 1
43.29 1
43.36 1
43.48 1
43.55 1
43.6 1
43.61 1
43.65 1
43.66 1
43.7 1
43.75 1
43.88 1
43.95 1
43.96 1
44.06 1
44.1 1
44.15 1
44.22 1
44.38 1
44.61 1
44.66 1
44.7 1
44.81 1
44.85 1
45.01 1
45.02 1
45.08 1
45.09 1
45.12 1
45.2 1
45.26 1
45.31 1
45.36 1
45.37 1
45.38 1
45.42 1
45.49 1
45.5 1
45.56 1
45.61 1
45.66 1
45.73 1
45.76 1
45.8 1
45.84 1
45.88 1
45.89 1
45.9 1
46.06 1
46.08 1
46.16 1
46.18 1
46.2 1
46.25 1
46.31 1
46.33 1
46.36 1
46.58 1
46.6 1
46.66 1
46.7 1
46.78 1
46.88 1
46.9 1
46.95 1
47.1 1
47.12 1
47.3 1
47.32 1
47.39 1
47.53 1
47.58 1
47.66 1
47.68 1
47.7 1
47.73 1
47.8 1
47.98 1
48.05 1
48.06 1
48.09 1
48.26 1
48.28 1
48.36 1
48.46 1
48.54 1
48.56 1
48.66 1
48.8 1
48.81 1
48.86 1
48.96 1
48.99 1
49.0 1
49.18 1
49.2 1
49.27 1
49.32 1
49.48 1
49.61 1
49.72 1
49.79 1
49.85 1
49.88 1
49.95 1
50.15 1
50.16 1
50.2 1
50.23 1
50.56 1
50.58 1
50.65 1
50.68 1
50.7 1
50.76 1
50.82 1
50.94 1
51.11 1
51.19 1
51.28 1
51.33 1
51.45 1
51.58 1
51.66 1
51.84 1
51.88 1
51.96 1
52.15 1
52.21 1
52.27 1
52.48 1
52.5 1
52.56 1
52.61 1
52.66 1
52.71 1
52.73 1
52.81 1
52.85 1
53.01 1
53.16 1
53.18 1
53.38 1
53.56 1
53.66 1
53.68 1
53.77 1
53.8 1
53.84 1
54.16 1
54.2 1
54.24 1
54.3 1
54.36 1
54.45 1
54.66 1
54.67 1
55.05 1
55.2 1
55.3 1
55.36 1
55.52 1
55.7 1
55.78 1
55.8 1
55.88 1
55.9 1
56.25 1
56.28 1
56.42 1
56.62 1
56.66 1
56.7 1
56.82 1
56.86 1
56.92 1
57.26 1
57.62 1
57.76 1
57.77 1
57.78 1
57.88 1
57.96 1
57.99 1
58.11 1
58.25 1
58.33 1
58.8 1
58.83 1
58.89 1
59.08 1
59.11 1
59.26 1
59.45 1
59.56 1
59.61 1
59.71 1
60.06 1
60.16 1
60.26 1
60.6 1
60.7 1
60.99 1
61.03 1
61.37 1
61.6 1
61.68 1
61.72 1
62.04 1
62.05 1
62.08 1
62.1 1
62.7 1
63.0 1
63.36 1
63.56 1
63.58 1
63.63 1
63.65 1
63.72 1
64.1 1
64.18 1
64.33 1
64.56 1
64.59 1
64.61 1
65.11 1
65.16 1
65.2 1
65.55 1
65.82 1
66.45 1
66.54 1
66.73 1
67.32 1
67.4 1
67.41 1
67.49 1
67.66 1
67.76 1
67.83 1
67.86 1
68.0 1
68.11 1
68.26 1
68.31 1
68.32 1
68.4 1
68.42 1
68.56 1
68.64 1
68.66 1
68.82 1
69.0 1
69.2 1
69.65 1
70.06 1
70.29 1
70.38 1
70.66 1
70.7 1
70.8 1
71.42 1
71.48 1
71.64 1
72.08 1
72.3 1
72.58 1
72.66 1
72.8 1
7.39 1
73.98 1
74.2 1
74.3 1
74.58 1
74.59 1
74.66 1
75.2 1
75.6 1
75.9 1
75.99 1
76.0 1
76.2 1
76.7 1
77.17 1
77.41 1
77.51 1
77.77 1
7.87 1
78.7 1
78.88 1
78.99 1
79.06 1
79.32 1
79.65 1
79.88 1
79.91 1
80.06 1
80.08 1
80.1 1
8.03 1
80.34 1
80.8 1
80.84 1
80.88 1
8.17 1
81.8 1
82.66 1
82.8 1
83.0 1
83.1 1
83.15 1
83.36 1
84.54 1
85.4 1
85.44 1
85.8 1
85.96 1
86.3 1
86.32 1
86.93 1
87.33 1
87.88 1
88.08 1
88.58 1
88.8 1
89.4 1
90.09 1
90.3 1
90.45 1
91.25 1
91.37 1
91.41 1
91.45 1
92.0 1
92.95 1
94.0 1
9.49 1
95.57 1
95.7 1
96.0 1
9.63 1
96.32 1
96.58 1
9.67 1
96.7 1
96.95 1
97.0 1
9.79 1
98.08 1
98.76 1
98.79 1
99.1 1
99.11 1
9.93 1
tip_amount 1
